5400374766368603|01|2031|917
5400373280757168|12|2025|313
5400371500878731|05|2027|396
5400374626354850|04|2028|340
5400371560883001|02|2028|226
5400373615710270|12|2034|751
5400375124333668|04|2025|148
5400373687510673|03|2031|204
5400370535712345|11|2035|973
5400371127620250|07|2032|125
5400378587423778|10|2027|178
5400376101560224|01|2026|230
5400375653683327|02|2034|951
5400378818878543|07|2035|563
5400374525355446|02|2032|168
5400370170465126|06|2030|407
5400372162567083|09|2025|756
5400371228555520|06|2026|490
5400376522164382|11|2029|612
5400370678610637|08|2031|790
5400375820155662|05|2029|292
5400378484750851|10|2029|682
5400376083361815|02|2029|989
5400374141718712|08|2030|564
5400370008133128|11|2034|748
5400370537445217|05|2034|262
5400371525702064|05|2030|720
5400374806317560|01|2031|619
5400374124133772|06|2032|782
5400372184784286|12|2028|216
5400378536234474|04|2034|199
5400377314237071|10|2031|121
5400370647811233|04|2027|354
5400377275216064|10|2030|645
5400370435711728|07|2032|656
5400370046483386|05|2033|266
5400378034405725|10|2028|717
5400372681527436|03|2031|894
5400371764535431|01|2034|622
5400373757675406|08|2034|519
5400377140015162|12|2025|636
5400370613733585|07|2027|753
5400370528544002|09|2030|393
5400371350525705|12|2031|452
5400375871374865|08|2025|366
5400375082618704|12|2027|815
5400371767225816|02|2026|987
5400371056717200|10|2029|736
5400376750558107|04|2026|545
5400376344622021|12|2028|639
5400373543038877|03|2028|123
5400372061330641|04|2025|631
5400374064654308|09|2028|736
5400370653374522|08|2027|934
5400377101010160|08|2034|226
5400374462365366|07|2026|259
5400371440331213|11|2028|279
5400374474784760|12|2033|399
5400378275360407|05|2029|274
5400376572156148|06|2031|839
5400377754322482|11|2027|959
5400371585500317|04|2026|471
5400372077278776|09|2034|458
5400376254137564|10|2030|900
5400374747475840|10|2026|169
5400375040775265|05|2029|511
5400374020122028|05|2026|456
5400373276468341|09|2027|294
5400371771136488|11|2034|561
5400373038485807|12|2025|942
5400372316270055|11|2029|761
5400376067733211|09|2035|674
5400370084823626|12|2031|450
5400378280818142|01|2025|986
5400370871823128|09|2035|388
5400371466486313|08|2035|349
5400373001672340|12|2025|112
5400378771427031|08|2030|426
5400371852052521|08|2031|946
5400378728222782|03|2031|756
5400374482243460|03|2025|424
5400378431866800|07|2035|281
5400377406006772|07|2027|811
5400371022287742|02|2027|341
5400371610346371|02|2026|220
5400378117625488|06|2030|423
5400377632768583|08|2028|113
5400371014845283|12|2035|312
5400373053321762|06|2030|296
5400374668436284|02|2030|474
5400376065047572|10|2034|350
5400370350543684|08|2035|467
5400374517325415|10|2033|446
5400374672063488|05|2028|876
5400377358733183|01|2026|554
5400376410080781|12|2032|196
5400375242180181|01|2032|333
5400378174570882|01|2031|654
5400375061273265|04|2027|389
5400374354564712|12|2028|811
5400372671524468|11|2031|836
5400371448554758|05|2035|785
5400371285647368|06|2025|229
5400374803243405|08|2035|261
5400377828521085|04|2031|651
5400371811157080|01|2032|743
5400370632517381|12|2032|404
5400378867603172|08|2031|886
5400375141303785|02|2026|948
5400375583108866|02|2033|164
5400378165161022|05|2033|724
5400375215331308|03|2032|402
5400376403356388|04|2030|524
5400373242823744|08|2032|878
5400372808326407|07|2030|396
5400378538848156|05|2034|171
5400370838028373|05|2030|496
5400378521380373|09|2033|693
5400370080484548|02|2027|783
5400371735402885|09|2030|902
5400375082440000|12|2027|326
5400370514874520|08|2026|123
5400376367877825|12|2027|638
5400372803525433|03|2028|571
5400375880025706|06|2031|943
5400375042326851|12|2031|598
5400377213764126|06|2030|218
5400377631302517|08|2025|542
5400370642320180|04|2034|393
5400370150288357|01|2035|857
5400371601430622|01|2026|777
5400371240447524|09|2025|183
5400377333812037|02|2032|935
5400371684588668|08|2032|971
5400374850118872|02|2034|419
5400378166463641|07|2029|472
5400378523676505|07|2027|586
5400370418611226|02|2026|958
5400371420412215|01|2028|976
5400377786321833|01|2029|845
5400373157048337|05|2025|690
5400370688566381|01|2026|168
5400373145301533|08|2026|426
5400371758376586|02|2025|664
5400373603622123|06|2025|354
5400376813463311|11|2025|425
5400372158736007|07|2028|364
5400377602384213|02|2033|675
5400375103347747|05|2027|381
5400371151855327|10|2027|486
5400377030571605|10|2030|709
5400375832184031|02|2030|356
5400371251438834|03|2030|861
5400376603565622|07|2034|437
5400377477704255|12|2032|753
5400372783786344|08|2033|767
5400371061052486|11|2027|534
5400374208340566|07|2033|699
5400376378342587|02|2027|199
5400377801476877|10|2025|987
5400374016770806|01|2026|437
5400371240785212|06|2030|650
5400373667165886|11|2030|997
5400371421223041|10|2027|517
5400371201738713|09|2030|325
5400372578187187|09|2028|641
5400377838848387|04|2028|543
5400373533446254|11|2035|309
5400375244172137|01|2033|564
5400378606321144|04|2034|194
5400373145007171|01|2029|669
5400373466125875|08|2028|871
5400373348475662|06|2029|683
5400373265643060|07|2026|279
5400377350534654|07|2033|665
5400374630833253|10|2034|994
5400374267180275|12|2029|200
5400371413076076|11|2027|277
5400373820378376|07|2025|366
5400378448133137|11|2026|964
5400375741770664|10|2030|681
5400373531744601|10|2032|851
5400376635388514|09|2030|125
5400375720757625|09|2033|494
5400375816662614|04|2034|870
5400373384510042|04|2030|716
5400377540787766|01|2032|480
5400372641025588|06|2033|811
5400378284513640|01|2033|975
5400372072471061|12|2032|412
5400370380024846|07|2031|350
5400376486484453|08|2033|481
5400374361723145|12|2028|900
5400373517603805|05|2027|703
5400378536046522|11|2029|829
5400377083568375|12|2025|776
5400373306617230|08|2028|731
5400372854642228|05|2030|998
5400371200564185|09|2025|554
5400370684203153|05|2034|639
5400378870740862|04|2033|439
5400374674228550|07|2033|992
5400378276856627|11|2032|692
5400374430415210|07|2025|745
5400376266646305|05|2030|844
5400377607365530|11|2031|310
5400372102271242|11|2028|348
5400370438705768|04|2030|345
5400370884323041|04|2030|930
5400373135001721|11|2033|151
5400372812418323|11|2025|283
5400370041275357|07|2026|861
5400371516563707|02|2030|367
5400371050571173|06|2033|435
5400376188673213|07|2025|937
5400375047563458|04|2030|390
5400375536587422|04|2026|791
5400377807840852|01|2029|636
5400370686483225|11|2035|405
5400377453158062|02|2031|423
5400376513210541|08|2025|992
5400373085382618|03|2028|194
5400372552630517|12|2031|113
5400372016516344|01|2035|308
5400373157358660|02|2032|475
5400373576538363|04|2025|391
5400378502063485|11|2034|626
5400372075836757|07|2027|525
5400371723848131|09|2026|584
5400373838787238|08|2031|550
5400373415045687|09|2034|577
5400377405126100|01|2030|404
5400375636238777|12|2029|527
5400378574815226|11|2026|171
5400371616853263|07|2034|356
5400377206240340|05|2035|286
5400371521182311|03|2028|977
5400377234222716|11|2025|119
5400371611445727|12|2033|896
5400377482431860|12|2031|249
5400376503320870|07|2029|798
5400373288388172|03|2030|574
5400378761505150|04|2027|751
5400377207846681|05|2029|839
5400377888225072|06|2025|642
5400374555060080|01|2028|335
5400372118782216|04|2028|624
5400373738727144|11|2034|352
5400374578154530|06|2032|956
5400375345718200|09|2029|885
5400375660337370|07|2031|711
5400371285571717|02|2033|115
5400377200418751|11|2030|942
5400372020236558|08|2028|204
5400378337503150|07|2035|881
5400370062341617|11|2035|672
5400373834838613|03|2027|732
5400377877342375|10|2035|130
5400371800557746|09|2030|234
5400373470672672|01|2029|259
5400373562150785|07|2035|175
5400373185216765|07|2026|651
5400370261316642|05|2028|989
5400377637866275|09|2027|293
5400372571562287|05|2027|725
5400376854431854|08|2030|520
5400373850622313|06|2030|734
5400375763178283|05|2025|790
5400375778738451|10|2026|347
5400373377412362|12|2034|947
5400370405763501|07|2032|309
5400371443816236|12|2030|209
5400370230501373|06|2029|284
5400374648364572|06|2027|872
5400374680553777|06|2030|314
5400373476257023|05|2028|776
5400372767723164|10|2025|393
5400372303213530|03|2033|936
5400378883403060|10|2025|809
5400376844031772|10|2030|394
5400372214071787|12|2033|495
5400376404001546|03|2032|993
5400374203287846|01|2028|609
5400372287434615|02|2029|799
5400371118647437|12|2030|717
5400371305418113|05|2030|501
5400370733752614|06|2027|486
5400374006404184|10|2026|653
5400373362107381|05|2025|626
5400372810610541|08|2026|395
5400377307053717|01|2028|410
5400377515584016|10|2030|315
5400371456537414|08|2026|778
5400373175610761|05|2025|363
5400370523326637|08|2029|801
5400374712108186|01|2025|228
5400376165287565|07|2033|145
5400370488823230|12|2028|577
5400372675877607|10|2034|624
5400376627374274|12|2031|613
5400373875730554|12|2027|623
5400374624234575|07|2034|405
5400371060068087|07|2033|154
5400373003266364|04|2034|943
5400373330522521|09|2031|154
5400371277771036|03|2025|330
5400374143342487|06|2034|302
5400371467526364|08|2034|788
5400373343028102|05|2027|447
5400378517325317|01|2031|779
5400377078650154|11|2031|335
5400377626344334|08|2029|790
5400377885214814|05|2035|410
5400374122318185|05|2026|488
5400370083647208|02|2027|617
5400372750480061|02|2028|922
5400371788157501|06|2029|478
5400378034421664|10|2026|520
5400374655544231|12|2025|479
5400370214204028|12|2027|947
5400377624487580|07|2030|249
5400376683105562|05|2026|560
5400377046405640|01|2030|796
5400378434370362|01|2029|509
5400370414232860|03|2031|434
5400375560181563|04|2025|154
5400378554365853|05|2031|640
5400370777512445|06|2029|685
5400370044051581|06|2028|663
5400372637875848|09|2033|833
5400375511014517|08|2028|480
5400372005702517|02|2032|534
5400370530004821|02|2027|461
5400378257044102|11|2034|480
5400378870637373|05|2025|689
5400376718534232|03|2033|975
5400376136108817|11|2034|282
5400377654806287|11|2031|972
5400375076400051|04|2028|974
5400372875162412|02|2029|823
5400375041037467|05|2029|402
5400371820414134|08|2035|873
5400370418737005|07|2033|762
5400375852781104|11|2031|605
5400375042235060|06|2035|668
5400370088624137|07|2032|463
5400372767860271|11|2034|429
5400375823331278|03|2030|290
5400377657221070|07|2025|564
5400372545178285|01|2025|112
5400375803048322|09|2030|409
5400377512164705|10|2026|232
5400375724041570|03|2032|849
5400370156162374|07|2031|636
5400376842612003|12|2034|727
5400371737871657|12|2029|464
5400372344546617|02|2026|510
5400373604444105|01|2032|752
5400378427558387|07|2026|860
5400378677421138|07|2034|658
5400372661347854|02|2033|644
5400376281233378|12|2025|420
5400372666421621|01|2029|612
5400375634681374|04|2034|483
5400375100786350|01|2033|683
5400378601337756|12|2029|251
5400374270277688|08|2029|674
5400372432761144|07|2032|370
5400377143783865|11|2028|196
5400374630684763|03|2030|593
5400377340506374|05|2026|411
5400372113836843|11|2033|337
5400376342627378|12|2034|501
5400371377575048|07|2030|579
5400373752130050|04|2032|527
5400374144770207|11|2026|700
5400373044300305|04|2028|120
5400372870832050|06|2031|312
5400373544142355|09|2035|151
5400378315720214|10|2034|474
5400371060021326|09|2030|183
5400378614431117|08|2033|158
5400373414201257|12|2032|955
5400370752606865|03|2028|481
5400373170114827|07|2030|835
5400374653220313|05|2035|964
5400375505756610|08|2027|797
5400374836805162|06|2027|288
5400370465703561|05|2029|180
5400375888284032|01|2026|576
5400377610246164|08|2032|525
5400376453505272|10|2030|528
5400378622242175|05|2033|344
5400374377013028|07|2030|310
5400375048800826|01|2028|336
5400378412383528|10|2031|249
5400372220236812|08|2028|579
5400375813870558|01|2032|186
5400370386452264|05|2027|302
5400372551133315|12|2030|274
5400372253783888|04|2029|177
5400370346038153|12|2026|448
5400373442178360|12|2025|292
5400376631383733|09|2030|541
5400375025773582|06|2028|273
5400371726840010|09|2026|984
5400372413365758|05|2034|861
5400377360313511|09|2029|528
5400371160061545|11|2025|155
5400372320340100|07|2028|536
5400371808332183|05|2030|475
5400375274575746|10|2030|901
5400375572382860|06|2027|921
5400370410487716|05|2029|144
5400378276052250|12|2034|333
5400373374340145|08|2027|515
5400378711181003|01|2033|482
5400372287846651|06|2033|981
5400378267242175|01|2027|804
5400375607682003|07|2032|732
5400376011482717|10|2032|277
5400370730686062|06|2027|198
5400371876624552|12|2030|624
5400373556874168|11|2028|968
5400370042088502|09|2027|746
5400375728507576|12|2032|478
5400374635331337|06|2028|302
5400375787046573|08|2026|224
5400370125626012|07|2035|355
5400371168203388|05|2025|281
5400374683518041|05|2027|152
5400375178235504|11|2030|447
5400377358160361|06|2034|202
5400378665551201|08|2028|170
5400376842788613|03|2033|691
5400378321847746|01|2033|649
5400370068886557|09|2030|646
5400378184683865|05|2028|481
5400375658161527|12|2026|567
5400370445615125|02|2029|515
5400372410861080|05|2035|387
5400374162228708|09|2033|810
5400378121637180|11|2027|725
5400376645784272|04|2032|714
5400377138307126|02|2033|381
5400373161382342|07|2026|958
5400377281221652|09|2028|479
5400376830761531|11|2035|957
5400372150583456|01|2031|642
5400376218058666|09|2025|875
5400373132876422|11|2027|113
5400377444536467|02|2035|820
5400374324400237|02|2026|998
5400373487221430|11|2030|714
5400375183104216|11|2027|432
5400378684488534|10|2032|525
5400370568882742|07|2027|449
5400378058077525|03|2035|936
5400374488564778|11|2025|225
5400376621304368|06|2026|113
5400371874700883|11|2032|460
5400375727452261|02|2030|920
5400378710014452|07|2030|782
5400378013182782|12|2026|280
5400375010353226|04|2029|183
5400376653186550|07|2025|998
5400371536727803|09|2030|756
5400374465748667|02|2027|150
5400376017447441|01|2026|968
5400370487354344|11|2027|617
5400375365512855|05|2027|447
5400373745531547|06|2028|925
5400375886672840|06|2031|744
5400377128717045|05|2031|260
5400374138238401|12|2029|855
5400372137120125|03|2030|680
5400378452834745|10|2034|331
5400378331103338|02|2034|410
5400376604567056|09|2032|320
5400370162218723|12|2034|447
5400373041654555|07|2025|299
5400374272356860|12|2029|288
5400374764302588|07|2030|185
5400370100887217|05|2028|805
5400377580111323|04|2026|868
5400378305268448|04|2030|701
5400371675684278|01|2028|955
5400370174803033|03|2025|272
5400373827080157|06|2034|962
5400378118250377|02|2025|900
5400375662017657|07|2029|637
5400372773733520|05|2026|635
5400374056704863|06|2025|157
5400374767037884|01|2034|969
5400373515025100|11|2033|432
5400377021377434|09|2028|905
5400371206503542|02|2034|845
5400377374102447|06|2026|673
5400377880627515|02|2026|324
5400375520456261|08|2033|357
5400373242100432|10|2028|949
5400375610041254|12|2026|884
5400377274153656|05|2029|260
5400372418787055|03|2035|695
5400375184533785|05|2028|745
5400376177531166|11|2034|118
5400374135304263|09|2028|539
5400372610884817|01|2028|625
5400378352055508|07|2035|828
5400378421735510|12|2030|880
5400375744845257|05|2029|295
5400372480552833|01|2034|913
5400378146322768|11|2029|261
5400376317564002|07|2033|302
5400377737871506|03|2034|664
5400374512554456|03|2030|797
5400370773338175|12|2029|493
5400377141616448|04|2028|240
5400373777053568|10|2033|422
5400375314475287|09|2027|411
5400371158058255|10|2025|592
5400378704517775|11|2025|812
5400373385214073|04|2030|540
5400371003023231|08|2031|496
5400375123567043|08|2031|216
5400373156433266|04|2025|803
5400371572644136|05|2027|329
5400377112624108|10|2026|603
5400373833261858|06|2030|519
5400377368533474|11|2028|650
5400373606283030|07|2035|991
5400372155578857|12|2031|385
5400378067688817|03|2035|193
5400370385081205|10|2032|827
5400372832017725|12|2029|487
5400375817413231|07|2025|950
5400375160313004|02|2030|580
5400378105252162|11|2025|169
5400372757787120|05|2032|168
5400370838214205|11|2034|361
5400373766120410|07|2031|707
5400378872454173|07|2034|437
5400378122402337|10|2033|836
5400370545330781|03|2033|570
5400371638756833|05|2026|788
5400377087668478|11|2031|863
5400374800446381|11|2030|291
5400371416548402|04|2027|193
5400374505254346|03|2028|277
5400373420741312|08|2027|279
5400375122211817|03|2026|211
5400375652064768|08|2035|602
5400375460502025|01|2035|638
5400370721635748|05|2029|726
5400378885307210|04|2035|466
5400370422120446|04|2026|824
5400373337486076|03|2026|877
5400373472474416|05|2027|614
5400375147364567|06|2034|148
5400374856651702|10|2033|245
5400377441641401|05|2035|844
5400377122228106|04|2035|802
5400370754458505|06|2033|652
5400374120282128|01|2035|340
5400373812826101|10|2034|554
5400372805571344|08|2030|450
5400373808660514|08|2035|322
5400375654851626|03|2030|964
5400375512278574|02|2028|774
5400373402424754|08|2030|368
5400372333578241|07|2030|632
5400376467781547|02|2028|387
5400375367775328|01|2032|668
5400374205741147|02|2027|360
5400373372046686|04|2029|611
5400378838234347|09|2030|598
5400378255317781|09|2030|228
5400370325277285|04|2033|642
5400370406804056|01|2032|338
5400374410030336|08|2025|774
5400376004658067|12|2026|657
5400373678083680|09|2034|458
5400376268674370|01|2027|526
5400374313723755|08|2031|710
5400373475667438|09|2034|544
5400371518231055|12|2031|219
5400371266245612|06|2033|747
5400376721828043|03|2029|221
5400375677258734|08|2028|156
5400377477701632|04|2031|357
5400376461448408|02|2025|520
5400373531516025|03|2030|596
5400375210457108|04|2034|160
5400376114838856|06|2034|135
5400372787223260|11|2029|263
5400377472637005|02|2032|722
5400376203866750|08|2028|257
5400378423460067|06|2028|394
5400377154015082|12|2029|762
5400376178522784|05|2029|593
5400373542167412|01|2033|878
5400370617343548|05|2025|341
5400370032266647|05|2031|429
5400375515785518|10|2035|661
5400372874831736|10|2025|341
5400378514548846|08|2031|559
5400373004710337|04|2025|987
5400373353185115|10|2027|513
5400372238122830|09|2033|417
5400377038761877|05|2030|264
5400375028563873|10|2035|997
5400378532210437|12|2029|299
5400375427012506|07|2032|340
5400378071203371|07|2029|331
5400378610078847|11|2030|607
5400376583848568|06|2029|565
5400378054027458|04|2035|328
5400370752653446|02|2032|507
5400378070233163|07|2026|474
5400372721330551|10|2030|876
5400377860042701|10|2035|254
5400375470384174|02|2032|518
5400371480467851|06|2034|445
5400378475325747|07|2029|625
5400370178244754|03|2032|152
5400377250177521|07|2034|918
5400373137704181|12|2029|945
5400373700801505|03|2031|721
5400377053635048|01|2028|493
5400371243424074|12|2029|648
5400376248770678|10|2027|405
5400374801823760|08|2032|589
5400375688643338|03|2031|824
5400371251787735|07|2033|476
5400376388166380|02|2029|412
5400371434687315|06|2029|320
5400372666834617|04|2029|890
5400377733056151|01|2031|835
5400376523474525|09|2030|734
5400376443356430|08|2027|468
5400375154244553|04|2031|651
5400371504742065|04|2029|162
5400374348540588|04|2025|794
5400374721851024|05|2032|247
5400376871788286|04|2033|477
5400375551222715|06|2026|580
5400372288263088|01|2031|197
5400378732265330|12|2029|370
5400373176832125|06|2033|974
5400377440504550|12|2027|329
5400372638302362|08|2030|407
5400371340856228|01|2025|656
5400374044450173|08|2032|593
5400373134680244|09|2029|502
5400370810131757|12|2034|408
5400375364483264|11|2030|513
5400370416672675|03|2032|842
5400376287448566|01|2025|694
5400372001500600|11|2026|836
5400376153154058|04|2030|291
5400374454286620|06|2034|537
5400378400074063|02|2027|724
5400377514615522|12|2032|537
5400372011582820|07|2032|509
5400378077338254|02|2032|251
5400374358355067|03|2033|273
5400377276823132|12|2025|567
5400374068524820|04|2028|901
5400371428607428|10|2027|883
5400378360650183|10|2031|188
5400370812302406|10|2028|474
5400376556538766|11|2027|836
5400378321201381|08|2027|172
5400373220031633|08|2034|298
5400378178573866|05|2028|327
5400375411640130|07|2029|232
5400371877274704|01|2031|383
5400370406342503|04|2028|385
5400378404115318|04|2029|673
5400370368630747|06|2035|357
5400377471821667|04|2033|418
5400370812032748|03|2031|799
5400378233613764|09|2025|564
5400378071132554|02|2025|599
5400374454772371|05|2025|496
5400376227377313|02|2027|492
5400370308402348|10|2029|280
5400378086201626|02|2026|628
5400371260408711|08|2033|639
5400372124571553|04|2033|473
5400377624315633|03|2034|692
5400374836847222|04|2027|492
5400376110451761|07|2028|708
5400378326444226|05|2028|916
5400374371574041|09|2029|726
5400371277488854|04|2033|147
5400373017650348|01|2028|986
5400372863371371|07|2026|205
5400376844406461|04|2030|684
5400373232154647|04|2026|507
5400370215302573|09|2025|659
5400373531830616|05|2025|809
5400370270087283|01|2035|290
5400376401658850|10|2035|975
5400371670522663|08|2035|545
5400378448677513|12|2029|112
5400371350374278|08|2035|773
5400378802668850|10|2027|782
5400371047468137|03|2028|535
5400376058053801|11|2026|398
5400376480530251|03|2031|346
5400373430324455|11|2029|917
5400376826363284|11|2031|912
5400370168230417|10|2028|598
5400372576050338|04|2025|988
5400373711060166|04|2027|316
5400370326031640|08|2027|608
5400376516170601|03|2035|307
5400378435458323|12|2030|555
5400378730851644|11|2026|774
5400376201333076|08|2026|469
5400372436005431|09|2026|264
5400377266501334|10|2032|391
5400371727734451|08|2030|761
5400370646213506|10|2034|468
5400370204628418|04|2033|260
5400377474327514|01|2026|508
5400374600023802|12|2031|141
5400374681523043|08|2033|124
5400376735074758|08|2026|616
5400370048613212|12|2035|833
5400377284065288|04|2028|810
5400373852431184|06|2026|493
5400374214865184|09|2027|130
5400377862058838|04|2027|869
5400371873316475|11|2030|604
5400371360131221|09|2027|155
5400375703475146|05|2028|801
5400377180147255|07|2033|675
5400376831632871|06|2027|137
5400376682330070|09|2029|719
5400374525415380|04|2026|548
5400372208000677|10|2031|453
5400376160354287|06|2035|337
5400370627571203|01|2026|600
5400376475377601|11|2035|250
5400375201403442|08|2029|157
5400378584558048|08|2028|699
5400372710777051|08|2027|919
5400372026468767|01|2025|774
5400378303212711|05|2030|380
5400374537572277|03|2035|724
5400377300722623|06|2026|152
5400370455055535|09|2027|808
5400371317153880|01|2030|699
5400376327756465|03|2034|972
5400376147327323|11|2032|638
5400371683858807|12|2029|539
5400376548630333|04|2030|555
5400374010675886|06|2028|728
5400374104417617|05|2025|393
5400378771266827|03|2028|224
5400373026780656|08|2027|762
5400378623814634|11|2027|818
5400373851812434|04|2031|861
5400372073525436|02|2027|517
5400370283542217|05|2032|421
5400373728505534|05|2025|745
5400375371564817|02|2029|700
5400374034348155|08|2031|558
5400373541573768|05|2028|228
5400377738815114|12|2031|555
5400373404778082|10|2028|354
5400375333467836|10|2028|132
5400373648042360|04|2025|675
5400375461135668|03|2033|444
5400372686723618|04|2034|254
5400374064854718|10|2029|158
5400378353388601|10|2026|938
5400374813686825|01|2030|191
5400375841342422|09|2030|804
5400372605571155|07|2033|886
5400376676717837|09|2027|197
5400370362178446|02|2032|903
5400370460443700|04|2035|565
5400377133581386|04|2026|588
5400373132425410|11|2031|495
5400378016018710|05|2025|790
5400373130718030|01|2035|615
5400378640373846|10|2025|914
5400374803640352|06|2031|255
5400374642528545|06|2031|979
5400375666378105|01|2035|884
5400370555635772|10|2026|222
5400372652666403|03|2028|317
5400370520584147|04|2031|715
5400372523365482|05|2025|572
5400374701682118|06|2026|528
5400370774452355|10|2026|159
5400375110485233|01|2033|344
5400376088028633|09|2031|855
5400377387838334|08|2028|279
5400378735303187|10|2028|283
5400373311064477|10|2029|921
5400373827260650|02|2034|251
5400373562737482|10|2035|402
5400372281587301|07|2026|978
5400376603330605|03|2035|989
5400373247348275|05|2031|666
5400374857211126|06|2033|557
5400371400344206|12|2025|592
5400370307473571|02|2032|461
5400375428854526|06|2026|992
5400377877427416|07|2028|644
5400370218872507|05|2034|647
5400373065675783|03|2026|324
5400377523646021|02|2030|943
5400375568114350|09|2026|841
5400371840086722|11|2025|878
5400377368236623|01|2035|210
5400371025721671|06|2035|443
5400375275208073|11|2027|165
5400374126740335|03|2029|398
5400374206630372|07|2033|482
5400377632331861|05|2032|249
5400375824747373|01|2035|925
5400373736277332|01|2030|446
5400376415368413|04|2028|717
5400370315588030|04|2025|958
5400374235362443|05|2034|583
5400370712778630|02|2034|591
5400371201356888|04|2035|461
5400375264454670|04|2028|727
5400378076686687|01|2028|398
5400371571381250|02|2035|683
5400376644358011|02|2029|256
5400373514818653|11|2025|897
5400375542614830|07|2032|377
5400370666132214|01|2029|673
5400371750273328|04|2026|144
5400378433301061|06|2025|896
5400374123275012|04|2031|528
5400371613722867|12|2033|707
5400372002263042|11|2026|566
5400378156665171|04|2025|981
5400376170240518|03|2031|413
5400371685676330|06|2030|562
5400377611484772|01|2035|406
5400371482603305|01|2030|674
5400376146044721|02|2029|420
5400375425364461|03|2026|915
5400374320012655|12|2030|840
5400378682462838|08|2035|625
5400377607134613|04|2034|649
5400376104845663|01|2027|486
5400374183276108|12|2030|514
5400376458421186|08|2026|274
5400375668116834|01|2030|744
5400375154530142|05|2033|322
5400376350150818|04|2033|952
5400374877758155|06|2025|939
5400374221686870|11|2033|871
5400374134880644|07|2033|465
5400373136772577|04|2027|885
5400371747425031|06|2030|198
5400372010670642|10|2034|762
5400374450731132|04|2027|395
5400374532758764|11|2027|204
5400374308067705|11|2029|290
5400373876471513|07|2028|276
5400375671121151|05|2029|450
5400378023870343|01|2030|960
5400377047850687|07|2033|289
5400375682565628|12|2033|286
5400373025504073|02|2033|806
5400378325350846|03|2028|902
5400373765342114|05|2029|540
5400371151406675|01|2028|625
5400378746343545|07|2032|392
5400372744085836|01|2028|744
5400378264646766|09|2032|337
5400377546273761|04|2030|809
5400372165448174|01|2030|270
5400378143185283|02|2028|788
5400371278412077|01|2032|231
5400371712838002|01|2031|498
5400373786155628|05|2029|239
5400375408513068|05|2025|651
5400377247762203|01|2028|450
5400374053271874|02|2027|453
5400374171087582|11|2030|794
5400371484045851|05|2031|673
5400377440355474|05|2028|211
5400370020214880|11|2032|286
5400376753246015|03|2027|135
5400371787838283|05|2025|128
5400375001236422|11|2031|363
5400378437402360|03|2031|805
5400370262085881|02|2035|307
5400378555640742|12|2026|169
5400371833437155|09|2025|318
5400370337455440|06|2034|133
5400370320041082|01|2032|230
5400372003403803|03|2035|913
5400376072821241|11|2029|747
5400373824836858|09|2029|547
5400371553884222|11|2027|405
5400372860582871|08|2029|177
5400376720818375|06|2032|780
5400371143764637|08|2032|677
5400376548537777|03|2030|937
5400378024275518|10|2025|430
5400375306547143|10|2026|354
5400376600488141|06|2026|273
5400373725748475|08|2026|259
5400378524725715|05|2033|567
5400378525181488|08|2031|624
5400377264254134|06|2035|988
5400371862532157|03|2030|730
5400371356851253|07|2031|488
5400373671030035|02|2034|744
5400371718451172|06|2030|956
5400373707155442|05|2027|895
5400374451358810|11|2027|458
5400375285101631|04|2030|233
5400378004186537|04|2033|219
5400376167107654|08|2028|815
5400371318464054|02|2027|621
5400371742120785|02|2033|620
5400370571572041|06|2025|120
5400375763482867|10|2035|296
5400378260266551|12|2027|325
5400375750011562|06|2025|472
5400375735837321|11|2033|325
5400374544104122|02|2025|566
5400373276374515|08|2035|851
5400371050207307|03|2026|922
5400375753436162|02|2033|449
5400378613672406|10|2030|493
5400376103544655|07|2035|917
5400373156316818|06|2033|313
5400370870584150|03|2027|925
5400374828527865|03|2032|705
5400374224632160|02|2034|281
5400371306420183|08|2027|438
5400372060715685|03|2029|462
5400373847288277|02|2025|219
5400374367372277|02|2030|461
5400372337146730|05|2031|866
5400373111408254|11|2035|657
5400374464306053|02|2035|530
5400377235245526|02|2033|598
5400377607017727|06|2035|867
5400371472837046|07|2030|966
5400370527271870|08|2027|881
5400370330074875|04|2025|710
5400374356186837|12|2025|574
5400370017506488|11|2031|411
5400374070710227|10|2031|562
5400377106451328|11|2028|430
5400376260316806|02|2030|315
5400373666241720|01|2026|819
5400377804265566|08|2035|322
5400374545334587|10|2035|639
5400370342155704|11|2033|410
5400373402325308|04|2031|266
5400377151507123|01|2030|714
5400373700331131|10|2032|993
5400373287870105|04|2025|732
5400374574302687|10|2027|560
5400376605731073|11|2027|504
5400377102715874|10|2033|707
5400372324607264|02|2025|707
5400373711840211|10|2031|874
5400372214183236|01|2029|125
5400378086400467|07|2032|765
5400370654085341|08|2031|561
5400373801548146|08|2028|511
5400378324434153|01|2035|259
5400376437761355|12|2027|923
5400372732057276|04|2030|573
5400372131425710|06|2032|401
5400375283023837|03|2028|777
5400378066670345|10|2033|751
5400378678300703|07|2026|217
5400375262426407|03|2032|896
5400372371853118|12|2034|249
5400373410185611|11|2026|531
5400372175077476|07|2026|517
5400374381108004|04|2028|147
5400370872400645|09|2034|401
5400376552064262|01|2035|379
5400371355505868|02|2026|328
5400375646861188|01|2027|225
5400373205426535|01|2031|246
5400371033302282|07|2025|367
5400373786587788|07|2035|160
5400375062585683|09|2026|277
5400375628885205|01|2034|653
5400373604167052|07|2027|124
